0 0.566406 0.105469 0.026562 0.058594
0 0.669531 0.100586 0.029687 0.064453
0 0.641406 0.080078 0.039062 0.062500
0 0.089844 0.942383 0.179688 0.107422
0 0.557031 0.026367 0.060937 0.052734
0 0.607812 0.039062 0.059375 0.074219
0 0.613281 0.071289 0.060937 0.068359
0 0.682813 0.475586 0.053125 0.044922
0 0.688281 0.503906 0.070312 0.070312
0 0.732812 0.628906 0.071875 0.062500
0 0.825781 0.617188 0.048438 0.089844
0 0.744531 0.663086 0.079687 0.064453
0 0.753125 0.708984 0.075000 0.054688
0 0.753906 0.750977 0.082812 0.064453
0 0.761719 0.792969 0.095312 0.074219
0 0.920312 0.751953 0.059375 0.062500
0 0.925781 0.789062 0.070312 0.062500
0 0.948438 0.863281 0.084375 0.058594
0 0.859375 0.859375 0.078125 0.066406
0 0.879687 0.927734 0.087500 0.074219
0 0.764844 0.902344 0.082812 0.070312
0 0.782813 0.951172 0.081250 0.066406
0 0.689063 0.940430 0.068750 0.060547
